49734.032000
2532.844800
-56843.145900
19630.010800
-54557.882500
-85553.502000
-72866.186800
71032.752600
70866.983700
-5349.723000
-66007.577300
39430.046000
92843.579600
-32569.189300
5593.697400
-27599.080900
-2421.939100
-91251.978200
-38341.157000
-44011.651400
-89966.061400
22953.447000
79118.001400
12457.738500
-17536.067100
45737.128000
77032.056700
-80344.762000
87658.850000
-67740.052500
-84102.271400
22768.253000
-29031.826300
-7199.233700
59691.406400
95312.094100
-60613.286900
-81781.717000
-81880.476400
64961.407300
17869.204500
-26812.141700
60492.111000
-21872.637500
93718.497800
-61382.651600
95721.373100
82456.499200
41559.204400
-18822.002600
41771.360800
-23062.522100
-15059.547700
-8161.702300
87221.931100
96748.659500
-48993.345500
10228.742500
33903.574500
961.727500
-45426.528800
81948.745400
-25622.148300
-845.037700
39169.471100
-80475.953100
769.946000
37825.087300
-13861.180900
-50502.692000
58095.339300
-26230.036800
4790.132000
-43524.585000
54152.053100
-44096.214800
-2425.069400
751.406000
11649.290800
68172.375900
-52424.753600
-97445.570100
-42566.327600
5396.717700
17157.200100
-62837.625300
74371.154600
54209.801100
55620.739600
-97852.091300
-13051.345000
29750.885000
22006.405300
-61246.435000
-34430.908900
6359.082700
-27605.703200
46837.719400
-133.198300
94693.346500
98454.826400
76339.424300
39745.718900
-30476.463900
59235.989900
56317.355400
-79837.905000
-94301.241700
-18909.255600
3157.703100
1179.002400
-94176.261600
-58879.050900
7537.842600
-71833.042900
-80778.084500
-76965.777100
-84823.326600
70316.505500
-6450.749900
40762.699400
93403.594500
40467.031700
67686.769500
24943.023400
58478.414600
-13466.180100
-93374.952000
630.005600
-78815.613300
46614.195900
5965.729300
-20905.380700
-86622.775500
-16762.449000
-12127.220400
61585.947700
-47327.609000
-90087.774300
-60387.512300
-74354.072500
-99137.916800
77586.680200
-17509.785700
-44460.185400
69372.023000
-82074.204400
-76176.379700
-75794.017700
-67762.896600
45837.810200
68756.466700
-93852.996100
51990.276500
-57850.334500
87908.703100
-51539.657500
91252.063600
10696.989800
-10042.881200
-23552.280400
97804.131900
51907.388600
-21819.661800
-53833.165100
-31524.359300
86418.764800
-51905.952000
54877.217700
89722.005900
86554.952500
39189.091000
-81173.523800
-89304.434300
-54097.146400
32255.120800
94489.098700
-63970.226400
-54318.397400
20797.265500
-37564.492000
50445.559300
-2189.586200
6193.897900
-29885.613300
-97483.378400
19094.868400
-34524.951700
-61340.406900
-64640.852800
71180.848300
48199.516800
-59850.234500
-6008.058600
-35811.959300
-14219.152400
66243.412300
-38104.046400
-98358.304200
22768.100200
46426.971400
-36833.448300
-84189.998300
63298.647000
940.067600
-47428.590600
-36074.005800
34572.670400
-29625.943900
-6336.515200
90511.938700
-18598.639700
-71122.413000
83652.002800
-961.020800
-49080.761000
-69874.211300
-81246.178700
-76161.495000
-44786.405800
-30617.574600
-87254.100800
51256.997600
41352.302400
-45929.937900
22683.731600
76439.171100
34839.888500
-21796.482000
-51387.522200
65906.471200
-51657.853200
23388.300400
-30987.730300
-25842.185800
-33739.767100
49842.835400
-85446.625300
22526.944700
-34160.567200
-2634.947600
98038.574400
-59328.399100
29355.779700
94363.246700
62753.738900
96972.739700
-83621.326000
30390.816400
-8604.877500
-72756.365900
83461.341000
-77621.597000
-91138.821300
12798.248300
72702.423800
7394.493500
-18035.178600
4435.823500
14477.465600
-88313.186400
-19749.012100
24126.368500
-55442.614500
-50031.494300
-38572.651100
79591.288000
-31288.159300
-18924.342400
-77501.914500
-88183.409300
-22266.111000
37845.491500
-71155.795000
-54933.886100
-92202.474500
30536.400500
2376.718700
-86848.893900
-30895.940000
-42849.013500
85477.424000
-53762.021200
30161.884600
40042.239100
-77478.498800
-44855.944500
57867.365600
94363.299100
32408.137300
-72317.856300
11130.701700
49569.122500
-48621.392400
66382.506900
-90472.545900
90328.937600
21160.256500
90752.541900
87156.228500
-27929.162500
96810.055900
24015.047600
-84601.823100
73444.643400
-10971.446300
35387.450200
-82303.820800
4266.892900
-82283.402600
9777.031200
-49094.779000
65983.385500
-73856.572900
12542.158200
82624.228400
71299.622300
-83187.142000
44546.512800
2840.661500
91862.579900
-76269.275800
22266.716900
-64781.812400
-97338.225500
-74292.409600
17752.983700
20461.408700
72097.279200
-22579.702900
-41888.991600
-41887.892400
92483.223000
-18321.221800
47955.030000
6750.862100
-66049.474800
-64578.186500
-42347.055100
39223.825900
-85695.885000
40009.519600
567.057700
-62078.879900
-55142.642700
-9841.224900
-27113.107200
-87938.966400
-20782.686500
84569.411400
96156.299900
82969.589100
41443.655900
-81045.163600
-21602.288700
11745.753100
-15813.244700
96839.501100
-23181.783900
-55994.889900
8574.132700
-7687.904800
21989.140200
-34473.096100
51398.812900
64985.167900
89722.871400
91406.356700
64705.016900
-7841.797200
45056.940900
-13617.795600
55266.283100
-79820.478200
40730.364500
52597.249000
-61527.097000
-97139.277000
-30626.508400
-13015.361300
76224.354300
-28945.544600
-45407.015700
-91220.028500
41956.560800
-24348.278600
85952.646800
24056.278900
-93921.583600
90689.125400
41704.342100
6550.874900
62682.387200
56934.784300
88691.694200
37342.213400
69539.360000
68954.938300
85211.211600
-68649.271000
48298.111300
-10917.759600
-53426.636600
-17159.116500
-18231.931700
89853.509000
-47375.154600
79999.973700
82196.986300
20165.464700
46950.096400
-16316.919800
36754.417600
-94203.358000
-69663.207900
-27692.794400
1478.766500
-21773.190300
-34644.448400
-58772.208200
37065.714300
-18979.699200
95210.470900
50015.006400
-43386.332700
99165.901100
12038.029900
-65306.575200
77029.716900
8867.803900
-68510.794100
-72036.506200
-12448.093700
-43588.696500
71037.064400
-33286.332000
29621.156000
34422.864400
-94152.296800
-10700.114700
-7988.950100
-2549.533200
5106.907900
-69277.949500
-99072.087800
-18369.600100
47646.003100
-92666.618200
34082.213300
-681.671800
-39354.317200
-430.010400
-68497.741300
-4413.911700
-65914.356300
-9053.181600
-9249.928300
57346.979500
70726.965500
98809.851100
-24518.359600
59431.457600
92584.275600
17501.293300
-98095.366300
-66019.003400
-8465.112600
-44273.327400
62937.197800
36964.375000
-3893.625600
36111.929500
-87116.895300
-9483.750400
8003.433200
-54176.447200
-90022.969000
-44287.122800
-20682.002100
90515.779800
12404.058100
52631.397400
-65979.387000
51169.651900
-61826.368600
-74283.381800
-97437.502800
-58399.694600
69586.753600
2445.472900
84603.328700
36960.380500
216.442600
41938.470600
50991.750600
15149.846700
-11382.016800
96642.479000
69567.675100
55180.186800
-53033.807900
-13775.613800
-12770.668100
35416.696600
-79380.342400
69649.922100
51238.868400
30222.459300
78970.128500
-9646.787500
34449.379700
-12790.028000
-88362.967400
-18542.241000
38803.299200
51502.834800
-3555.743700
3232.734900
38304.589200
39454.968500
-33094.737000
-28766.591500
8838.718300
86830.836100
-43334.340100
40856.204600
98772.867600
-33459.818400
25926.232000
-35153.489400
29367.046700
-20618.617800
-27430.787100
96709.786900
48367.779200
21577.392400
93659.726800
-56010.976000
-34421.370900
-29060.478400
-15653.833500
78000.655000
74085.116200
-83848.478500
49598.050500
-13827.561700
-68805.214900
-159.682600
-78097.803400
-20253.786700
-84751.034300
-7823.876300
48008.323400
-11705.189400
-21949.394500
51930.796200
-4376.821500
-87175.285100
74754.428800
57419.984500
33578.535100
96308.060500
-96563.325300
-71240.040100
28979.185900
12648.554600
52940.231700
90871.469400
79308.929600
37400.301900
7402.753300
-38620.828200
65576.094100
90246.668600
18095.571400
-2907.482600
-50468.013600
64903.428400
-31140.736000
53723.279400
-30827.990200
66297.705000
9753.492800
-41793.946300
-58978.503300
-96192.126900
91562.845300
-9943.753100
32707.265300
-74789.683100
98627.063300
-97821.467700
15639.350700
99778.471400
-88570.668700
90919.812100
87138.871700
-725.478600
-92264.998900
12950.674500
84796.814000
35499.961400
23112.622200
75382.452200
17736.588700
61954.283600
29033.152600
-34309.505100
-81691.070200
-12882.948800
-88237.860100
65725.299600
78634.457000
99357.376600
11198.165700
-65888.238100
-87685.013100
-82652.074700
-61297.542600
34867.554200
-9185.439000
44784.154100
36535.066100
27233.978000
8413.040900
-7718.480700
-40524.395100
-44353.992900
66629.452200
-69064.236400
-64258.456300
-92231.550700
-34413.675300
-9610.915600
-15435.018800
16384.846000
-98429.797500
73374.666400
10704.508300
-73374.796100
-80714.676400
-41222.412300
-6478.418500
23649.877300
-39574.179800
-50875.216500
-42182.672300
-74282.853200
-92391.295800
-69000.492200
10908.751400
-34692.592900
-67154.849200
-45407.462900
-30146.306200
29207.062700
-15489.025000
-61586.555400
-92826.042800
-95300.884600
6904.349100
-59188.446500
73914.488200
10392.839800
48657.727400
42753.962600
75687.111500
29609.625800
-47234.929500
-56748.068900
-96208.215000
76263.014700
-19123.339100
-61692.246100
-71175.131200
-55319.373600
-4966.919800
-71978.631300
11951.325500
-89150.366500
-44694.358100
-74046.603900
-2603.894800
49987.254300
63150.294300
-49477.502300
-19166.266400
-21947.872000
10058.096000
-65924.097600
-90461.038900
13513.131500
48346.422000
-49785.995100
-2090.336500
25298.334700
21953.917500
37640.439800
-64793.603400
-4460.279800
-27970.957200
91326.042000
-39000.272100
44573.437000
27473.322200
69427.863600
89395.224900
86853.718000
8630.179200
-81626.046200
-67327.816600
49840.314900
19696.318800
-94042.385000
61014.064300
-99367.547800
-16793.386400
-48817.160400
21103.936000
-56681.432700
-55795.444800
73150.057600
-72686.621800
-68686.270100
50796.593700
84772.414500
-88884.280000
47330.030800
-69415.173600
-36145.604100
-82865.890800
64937.704100
-6652.244500
75428.705700
14335.458800
87682.980600
68143.585400
16434.419100
64337.773700
36891.207600
2503.395100
19790.387900
99039.938600
20233.862600
50832.427500
74227.356700
-13854.576700
-75793.225600
-89881.989000
34871.265900
-26155.361000
42183.477800
-73167.491500
68261.514600
-75610.956700
51488.653200
-78350.040600
-86982.795700
55911.871400
97046.105600
81002.246000
48989.025100
-2129.338800
89726.627700
98079.067400
17869.723700
-50821.098900
-62712.549800
19426.764200
8611.109200
97883.697500
45932.216200
4276.787100
50580.924800
32616.395400
-72171.471500
-461.260800
-55771.155900
-21279.652900
64194.902400
44602.846900
-15312.094900
-78103.511600
7164.679300
-35663.489600
-72607.921200
89028.186700
-65031.476200
-15204.612000
80297.724300
34806.578200
-27419.810100
-11519.702400
-21017.280500
-76205.249800
80352.699000
62837.783800
-21927.867000
-19067.394400
99703.891900
-7590.585600
40740.517200
82683.508600
-45819.172000
-80793.852700
21160.060500
45248.903300
-8858.684800
-70384.555000
-19885.595100
-79508.498300
-70325.403700
87934.366200
-14587.514600
94333.343100
-43679.133100
-47991.111900
66631.200300
24780.506000
82440.201300
6099.102700
-72992.789700
86230.610900
9095.757500
-68075.473000
-5686.917400
1035.978300
-38896.289700
56702.539200
46578.211500
-64076.956800
-45257.563900
-17800.098000
93362.002400
35019.440200
79998.293500
-42216.071500
-96193.057800
-84926.276300
38649.210900
51420.605600
-59478.050600
5390.880300
-52956.581100
-15630.369900
66155.177100
9809.478100
26527.381800
76458.983500
87606.181400
70717.743800
50777.175900
55848.542300
-77150.284200
74009.616300
92860.470000
-82936.610000
28399.515500
97557.434100
95373.113200
-20137.071400
-21959.742100
-10956.768700
-49803.088300
-54278.857400
9525.511000
48482.719100
55856.928900
63707.742000
-53172.254300
-95068.956300
-59431.602500
-89306.877300
82980.384300
-88378.815400
67304.529000
15381.258700
28315.198600
-74238.384900
-14323.416700
50310.099800
93668.850600
69695.160000
77565.265900
38243.216700
60111.508800
-23039.319000
-16058.107800
-23930.414400
-6160.621400
-18229.296900
-72408.316400
19074.397800
-56360.934800
-33749.154500
3609.997600
82497.220500
81195.478500
489.703500
40050.684400
2775.910800
-90107.600400
54692.814200
57949.276200
18702.174900
57880.545000
-30313.175600
-7311.634100
47400.999200
-40725.374000
51951.003600
-47453.979400
38015.462000
21238.241200
-92011.515400
-24630.941600
57172.155400
-85518.242500
64331.667700
-46868.265000
89283.761000
-89791.425400
-5310.600200
79868.331600
-97485.918100
54297.158400
-71197.729800
79878.265300
97346.614800
-35721.456200
90345.567400
-50864.919000
-94703.319600
10248.656800
6575.425100
-23957.323200
63544.618300
13709.448100
57881.196400
8747.568200
-82259.316100
-7349.322700
49648.366400
85702.333400
33079.147400
78588.315800
-28710.195100
5171.665300
-55994.279300
79654.340800
-57880.387000
81128.486800
-77774.485300
899.570900
21921.429900
31901.327700
-76776.180100
1798.165600
7856.905200
35984.319600
9142.905800
38716.970200
83810.481600
-66298.362500
-62012.946400
21069.285200
-23263.455400
30898.979500
-47460.004400
36249.581500
85699.019900
5226.457500
-21567.407900
81750.221300
-27598.079200
98499.893700
39826.677900
11694.618300
-61494.213400
93959.504600
-99884.341100
15343.326200
23422.469600
-43445.477200
80716.473200
-75024.699800
-72432.381600
12934.988700
-72971.146400
-74834.717700
56053.973100
-4608.394500
23031.685500
34542.827600
-30568.678700
32226.805900
59535.156100
-47596.520000
-49393.970900
27539.916200