66391.677700
-79791.521500
-80421.589000
75862.858100
-35418.174200
3070.290600
-39047.029200
-87609.535000
70244.803500
-77380.603200
-8054.871600
-86395.375300
-67168.603000
70442.861800
7984.525400
-26362.342100
-37779.004800
-17165.004100
-86720.461400
-23372.054900
-18408.203300
-21070.792500
-23696.276800
-2008.415100
-3604.355300
-81607.469900
49093.457200
25336.661000
60977.692800
-77526.491200
-72693.789600
-9977.087000
-19052.894100
-57844.657200
-64219.905400
-88868.496100
8470.882600
27310.234500
50416.905700
38297.785400
17296.525600
80484.430900
99738.196000
6666.339200
51750.134800
35699.882600
73266.052700
-73362.606600
91661.331300
87390.522400