56321.873400
-56635.676900
36713.004100
43984.744000
-58421.075000
-122.178300
69562.729200
-42061.959000
-81005.571400
44126.389600
-39593.438200
85421.086100
-65157.364700
-88934.643000
-19200.404600
-90622.707100
75932.581700
28551.600400
-3595.294400
743.031800
80.035100
67957.152300
7798.666800
8541.395600
41740.603500
55508.326000
-62444.032100
-45812.322300
-95936.996000
-95693.831000
6481.161500
60782.652900
68131.620400
-14768.676500
90507.247200
53724.132600
-13719.699200
91761.832900
-96560.747600
39454.346700
15858.894300
-34454.455700
-22545.237700
-80374.592300
-56830.580300
-34279.084100
-51543.762600
-27478.538500
14234.703300
10028.894700
-70400.172000
25305.200500
89534.019500
-4096.042300
-33211.910800
32385.857900
34574.642800
-242.920700
-26276.182000
-15497.528900
76414.861100
-88172.812800
-5637.586100
-29549.284000
-53520.155100
-59069.720800
63257.705900
-64541.092100
-47538.936700
30783.290600
-29877.944800
-99466.822800
35091.043000
-36741.377300
72803.567600
-63810.783200
-27670.147400
-45082.853000
47647.480600
85645.698200
-70549.025600
55388.225400
-17579.645100
-32964.676200
-78877.628900
-83224.691500
-8709.733900
-82078.932100
-81017.273500
94408.817300
-77529.917700
-16153.503300
67919.176100
-20396.593300
31175.970800
-85784.894300
-91266.328300
25167.341500
40868.616400
21592.920900
71162.750500
-40477.227600
34392.742000
36972.883400
7083.270100
-87039.928400
-27150.261900
35343.694600
-56388.079800
43371.330000
96972.783800
74740.248200
-93951.363800
-30119.542600
-10623.048900
35120.546300
-89087.799700
-5124.948500
-12183.450100
31992.182600
-707.386000
-77910.173500
42960.677400
75621.806800
-71094.061600
49996.877800
5232.063700
-3223.816900
6841.741400
46833.294000
-30587.857800
-96714.159500
42936.153100
-25361.563500
28985.459000
11816.215200
84352.402900
15087.714800
-8503.135700
49404.250000
25837.065300
96614.544900
68144.367600
-63875.186300
37144.217600
48055.264400
39481.756400
-46803.262700
3522.374100
-74725.810100
16426.941800
-86989.330200
52080.194000
-23576.717500
83718.021500
-23059.475400
18607.459600
66655.188500
79619.303800
67102.080600
45771.284000
59958.325900
32508.543600
-63743.444000
-22516.136600
-32665.311200
-92470.089000
27452.101000
66073.130000
94236.426500
-60645.189000
-95998.593400
6670.868400
93641.004800
-31206.086800
-65476.799900
23081.447400
14066.760000
-51044.394700
-30101.596800
52515.592100
-66943.887400
6947.709800
41347.089500
98074.149900
24737.649900
-8468.509800
-44110.199500
84996.698700
-77303.689100
19410.889400
-87004.022600
56934.252800
90228.037900
54987.048100
63427.446800
-11169.774000
49155.233600
-10931.955300
39340.286500