52394.362700
-52392.744000
6222.140800
-53304.240200
80485.116500
18746.257000
-54254.171500
-45168.276200
-94026.396700
7938.271600
56807.000400
46373.877000
-16219.462600
-34005.387200
-10090.190800
30372.111200
23585.783300
89008.558300
-16734.968400
31360.217700
70436.170500
72037.389100
89037.065500
-16373.648400
40567.252100
88364.950900
37600.262300
20410.938400
5994.263000
28999.763000
48574.057700
-28268.738400
-33610.372200
22536.140900
-36859.361400
-26677.879800
16482.203500
-8968.717900
-5860.236100
-39824.858000
122.911200
78565.280400
15982.214700
-4862.061100
1198.777000
-18367.844100
-89740.816600
-34463.791600
-35678.773900
66888.560000
-51020.809700
-38670.974700
39989.541200
-85733.255600
-44643.828000
83142.452000
-10940.401900
-70532.514400
57428.590500
55670.128500
93832.184300
47479.443800
81045.981500
69684.627100
23799.851300
-17941.432800
15554.177700
66280.130000
29213.941800
74965.910000
60512.639300
63837.660100
-49555.520600
-43776.226800
40411.372600
-10640.345200
56365.449300
46119.483900
-23407.411100
93755.604500
-53682.399400
-13472.992500
-76597.284700
45829.129300
-69900.058300
-18937.265300
-26057.017800
-17783.310300
93140.994700
68992.872800
-54382.819000
8311.382300
-38937.589800
57581.024400
41135.572800
-58944.792400
48157.984500
94477.972900
56386.799600
-62075.999000